88
87
86
86
87
87
88
89
90
92
92
91
88
86
85
84
84
85
87
88
87
86
88
89
91
92
88
85
84
84
85
87
88
87
87
88
89
91
92
88
85
84
84
85
87
88
86
86
87
89
91
91
87
84
84
84
85
87
88
86
86
88
89
92
90
86
84
84
84
85
88
87
86
86
88
89
92
90
86
84
84
84
86
88
87
86
87
88
90
92
90
86
84
84
79
67
67
66
65
66
68
70
70
66
63
63
63
65
67
67
65
65
66
68
70
70
66
63
63
63
65
67
67
65
65
66
68
70
69
66
63
63
63
65
67
67
65
65
66
67
70
69
65
63
63
63
65
66
67
65
64
66
67
70
68
65
63
63
63
65
66
67
65
65
66
67
68
70
70
68
65
64
63
63
63
63
63
63
64
65
66
67
66
65
64
64
69
85
87
88
89
90
92
91
89
88
86
84
84
84
84
84
85
86
87
88
88
88
87
87
87
87
88
90
92
91
87
85
84
85
86
88
88
87
87
88
90
92
91
88
85
84
85
86
88
88
87
87
88
89
91
101
114
112
112
112
112
113
115
114
114
115
116
118
119
116
113
112
112
112
113
115
114
114
115
116
118
119
116
114
113
112
113
114
115
114
114
115
116
118
119
117
114
113
112
112
113
115
114
115
115
116
118
120
118
115
113
113
113
114
115
115
115
115
116
118
120
119
115
113
113
112
113
115
115
105
89
89
91
92
90
87
85
85
85
87
88
88
87
88
88
91
92
91
87
85
85
85
86
88
88
86
87
88
90
92
89
86
84
84
85
86
88
87
86
87
88
90
92
71
64
63
63
65
66
67
66
65
65
67
69
70
67
64
63
63
65
66
67
66
65
65
67
69
70
67
64
63
63
65
66
67
66
65
66
67
70
70
67
64
63
63
65
66
67
66
65
66
67
69
70
67
64
63
63
65
66
67
66
65
65
67
69
70
67
64
63
63
65
66
67
66
65
65
67
69
70
67
63
63
63
64
66
67
66
65
65
67
69
70
67
64
63
63
65
66
67
66
65
65
67
69
70
67
64
75
83
84
85
87
87
86
86
88
89
92
90
87
84
84
84
85
87
88
86
87
88
90
92
91
87
84
84
85
86
88
88
86
87
88
90
92
91
87
85
85
85
86
88
88
87
87
88
89
92
91
87
