35
36
37
37
37
35
34
33
33
33
33
34
35
36
37
37
35
35
34
34
34
35
36
37
37
37
35
34
33
35
36
37
36
35
35
35
37
38
36
34
33
34
35
37
37
35
34
35
37
38
36
34
33
34
35
36
37
35
35
35
36
38
37
35
33
33
35
36
37
36
35
35
35
37
38
36
34
33
34
35
37
37
35
35
35
34
34
33
31
30
31
32
34
34
33
31
31
32
34
34
32
31
30
31
33
34
33
31
31
31
33
34
33
31
30
31
32
34
34
33
31
31
32
34
34
32
31
30
31
32
34
33
31
31
31
33
34
33
31
30
31
31
33
34
33
31
31
32
34
34
33
31
30
31
32
34
33
31
31
31
33
34
33
31
30
31
32
34
34
32
31
31
32
34
34
32
31
30
31
32
34
33
31
31
31
33
34
33
31
30
31
32
33
34
33
31
34
35
37
38
36
34
33
34
35
37
37
35
34
35
36
38
37
35
34
33
34
35
37
36
35
34
35
36
38
37
35
33
34
35
36
37
36
35
35
35
37
38
36
34
33
34
35
37
37
35
34
35
36
38
37
35
33
33
35
36
37
36
35
35
35
37
38
36
34
33
34
35
36
37
35
34
35
36
38
37
35
34
33
34
35
37
37
35
34
35
36
38
37
35
33
33
35
36
37
36
35
35
35
37
38
36
37
35
34
35
36
38
37
35
33
33
35
36
37
36
35
34
35
37
38
36
34
33
34
35
36
37
35
35
37
40
42
43
41
39
38
39
40
41
41
39
39
40
42
43
41
39
38
38
39
40
42
40
39
39
40
43
42
40
38
38
39
39
41
41
39
39
39
41
43
42
39
38
38
39
40
42
41
39
39
40
42
43
41
39
38
38
39
41
42
40
39
39
41
43
42
39
38
38
39
39
41
41
39
39
39
41
43
42
39
38
38
39
40
42
41
39
39
40
42
43
41
38
38
38
39
41
42
40
39
39
41
43
42
39
38
38
39
40
42
41
39
39
40
42
43
41
39
38
38
39
37
37
35
34
34
36
38
37
35
33
33
34
35
37
36
35
34
35
36
38
37
35
33
33
35
36
37
36
35
34
35
37
37
36
34
33
34
35
36
37
35
34
35
36
38
37
35
33
33
34
35
37
36
35
34
35
36
38
36
35
33
33
35
36
37
36
35
34
35
37
37
36
34
33
33
35
36
37
35
34
35
36
38
37
35
33
33
34
36
37
36
33
31
31
34
34
33
31
30
31
32
34
34
33
31
31
32
34
34
33
31
30
31
32
34
33
31
31
31
32
34
34
31
30
30
31
33
34
33
31
31
31
33
34
33
31
30
31
31
33
34
32
31
31
31
34
34
33
31
31
31
31
31
32
33
33
33
32
32
31
31
31
31
32
33
34
33
31
30
30
31
33
34
33
31
31
31
33
34
33
31
31
33
35
35
37
36
35
34
35
36
37
36
34
33
33
35
36
37
35
34
34
35
37
37
36
34
33
34
35
36
37
35
34
35
35
37
37
36
33
33
34
35
37
36
35
34
35
36
37
37
35
33
33
34
35
37
36
35
34
35
36
38
37
35
33
34
38
39
41
41
39
39
39
41
43
42
39
38
38
39
40
41
41
39
39
40
41
43
41
39
38
38
39
40
41
40
39
39
40
42
42
40
38
38
38
39
41
41
39
39
39
41
43
42
39
38
38
39
39
37
36
35
34
35
36
38
36
34
33
34
35
36
37
35
35
35
35
37
38
35
34
33
34
35
36
37
35
34
35
36
38
37
35
33
33
34
35
37
36
35
34
35
36
38
36
35
33
34
35
36
37
36
35
35
36
38
38
36
34
33
33
33
34
33
31
31
31
32
34
34
32
31
30
31
33
34
33
31
31
31
33
34
34
31
30
30
31
33
34
33
31
31
31
33
34
33
31
30
31
31
33
34
33
31
31
31
34
34
33
31
30
31
32
34
34
33
31
31
32
37
38
36
34
33
34
35
36
37
35
35
35
36
38
37
35
34
33
34
35
37
37
35
34
35
36
38
37
35
33
33
35
36
37
36
35
34
35
37
38
36
35
33
34
35
36
37
36
35
35
35
37
38
36
34
33
34
35
37
37
35
34
35
36
38
37
35
34
33
34
35
37
37
35
34
37
41
43
42
39
38
38
39
40
42
41
39
39
40
42
43
42
39
38
38
39
40
42
41
39
39
40
42
43
41
39
38
38
39
41
42
40
39
39
41
43
43
40
38
38
39
39
41
41
39
39
39
41
43
42
39
38
38
39
40
42
41
39
39
40
42
43
38
34
33
34
35
36
37
36
35
35
36
38
37
35
34
33
34
35
37
37
35
34
35
36
38
37
35
33
33
35
36
37
36
35
35
35
37
38
38
40
46
58
77
104
145
188
216
226
229
231
232
232
233
233
233
233
234
234
234
234
234
234
234
234
234
234
234
234
235
234
234
234
234
